$ANSIBLE_VAULT;1.1;AES256
39376432613239623531653336306166613961626532373239316639383165663163623039623138
3939323865306463356265323438366339353538623766370a323234376634326334343862353033
65303365353431333532316439633632643261336531303132656136663462393962323733666663
3262363439306436330a336236643832363362396364643463333738376262343939393437333730
38336661313831643364616239396134366134333234646537393361613133653761646132346436
30303038313662343162636566393235633463303532636363363066646530613864313731613865
66636239626636353162386538633330393166323663383736626135643636653334386464656264
31643465633961303864313930303037346661633039653238343632306434626431393136623734
39643165383634633836316432393365393562323838363864653762336366343039663732306335
64336362396238393064353334383233346566333564663933623164373338626666666562633063
34373662626635633434616631666633616361326162323666306361643066666461313465323664
36306231656332323130
