$ANSIBLE_VAULT;1.1;AES256
61663634623039353434616666373034333165656663383333366136663935626236616632663836
6134306333613663613137373163633333313432616633620a316339643365353565653334663439
38363330636230326462303332643537656636633434383336346332346261656266616139663564
3661346263616266630a616230656633616435326238356139646261646332656163303234636163
62643231343137316538353335316664353333336133373034353536396166393533303534366535
34353265333733653937393362616637333461646563393166363065643833343435333339626534
66646539346537663637333132363533636365323161326663643232383661303463623866316362
61383633636436373532306637323463323061373661646464666661653333386265363264363334
39336339643863663065353730623638323332363763386138313438363566633939313065383161
31313637623365393565613337366265643934353163323032323234663038653065313965363239
36643635363463623239386566626230666665663439396336656462643437663936633861616463
32633533653531336664396235653437633766316432623931363334363166373838643265396464
37626332373738376131323631306430316635393131656537616437393562643730616366623234
64373564636363636464306138633962656638653862383131363531346334353161363431666162
31313761303339666333326332373333663762616232313032623237353662346265616139323661
35666539396235303734343162396165323263366165336232393931636433333836636263626333
66643532366130373762313063363637663434383533383161383337663634623633656238346536
35323264393535396263376661353634386562613834376435646364653830346331343930353436
34323537323665373539343135633563366533376136653131303362623962376562336565653162
62336233646363643763356632306232333332353834626137376264613631303762333564633330
38323238613031393166343939663462323432613864386338653436653663613634646237353139
39353931626264356465303062666165626336636234336161636364363136336338306338653664
31626439346135326532663034643539393036313537353161333036656337353761663366656233
32336133396231663238323465316439623963323761633933323134353035643739316433333237
31306663313064366262363334323461353832343264663936663331346432356232303664343934
62613861356635326233626430353632343436616233653164366232623866383038313939366237
62633865616264616335383436343366333635373362616565343838353934313864316430303030
62376635306439623533373866353266373839336435373630623235666435303763616632633434
66626338653330613865396434323861366364616238303766356163373533356461393237653034
31643239356666663335646462353661643062363630323861653461336533323936396430626562
62373732343236616137656166623535393739323731383231346635313031393133333465663836
66303163653835386566
